Theta = 0.01
sigma = 0.01
mu = 0.1
S0 = [[1.94768371 1.93101803 1.72102062 1.09566072 1.38355325 1.44543386
  1.49704437 1.37336481 1.39664787 1.46384324]
 [1.56370286 1.6981686  1.52249391 1.80166281 1.28992258 1.13387099
  1.11447542 1.44579505 1.0071658  1.50322553]
 [1.22290104 1.75679217 1.52735119 1.38400568 1.61601977 1.22776039
  1.24349756 1.24947718 1.35178948 1.51431979]
 [1.18071781 1.89395674 1.32058247 1.06405054 1.89751074 1.90691076
  1.9480959  1.08575222 1.27705134 1.48988542]
 [1.18672409 1.29641213 1.35832648 1.37780574 1.04971989 1.59592043
  1.92730679 1.30798408 1.06675493 1.41606587]
 [1.35162929 1.98671289 1.28420055 1.5648074  1.76418003 1.75270343
  1.71626263 1.49092634 1.06707545 1.93466567]
 [1.07944997 1.4462543  1.95210371 1.25114952 1.3331277  1.04330411
  1.40647508 1.3302163  1.85458416 1.23670856]
 [1.68347777 1.46686734 1.12181904 1.44028492 1.5128661  1.16525504
  1.95945159 1.03935644 1.02127721 1.39867027]
 [1.51628344 1.08418695 1.87308386 1.74633597 1.99383983 1.32411861
  1.18739066 1.28125171 1.74768658 1.05216326]
 [1.41421377 1.0815315  1.31963506 1.11408846 1.65933152 1.72146785
  1.26497133 1.43063293 1.94045706 1.94416479]
 [1.25259371 1.64965044 1.8322538  1.30038847 1.48996429 1.97802231
  1.34310063 1.54077034 1.72139051 1.23499466]
 [1.79569599 1.31061267 1.41968241 1.65013271 1.0633411  1.98802021
  1.09808177 1.92897258 1.94511283 1.39895618]
 [1.28419701 1.07687837 1.8588369  1.23498541 1.60110428 1.61042041
  1.50272136 1.06471658 1.7728027  1.36749524]
 [1.64385133 1.21759848 1.75669741 1.24277584 1.64124812 1.80452359
  1.32666278 1.73325864 1.16662299 1.248082  ]
 [1.22207623 1.40402423 1.93335707 1.74837351 1.29512868 1.42155982
  1.0884942  1.18037387 1.3286032  1.142114  ]
 [1.20317426 1.24797913 1.77885995 1.79549303 1.25996198 1.08101803
  1.71680311 1.46883763 1.94410099 1.91315932]
 [1.26916588 1.00850571 1.10946822 1.39161777 1.89361452 1.75060133
  1.49617126 1.36095376 1.39400447 1.57657016]
 [1.29218416 1.52884525 1.12048148 1.17721338 1.92893035 1.41346842
  1.50152137 1.4064143  1.41659492 1.61441125]
 [1.33146339 1.84388667 1.13493985 1.85444208 1.39261681 1.37316527
  1.71810936 1.56650657 1.21082948 1.92020794]
 [1.38487689 1.50822015 1.33663287 1.04974509 1.6329429  1.2266529
  1.46562154 1.48358594 1.64410898 1.78519756]
 [1.58950738 1.62871467 1.24843866 1.27624103 1.12393395 1.64521402
  1.07339679 1.01352038 1.73530378 1.85411532]
 [1.250481   1.47631297 1.63265445 1.50771991 1.56149211 1.02785225
  1.18524664 1.78497405 1.50668044 1.81557058]
 [1.52430274 1.89345642 1.00915239 1.1773972  1.3669089  1.64311083
  1.9755341  1.26894923 1.58604411 1.45085176]
 [1.11854735 1.77265394 1.92553422 1.90505565 1.00401656 1.11897588
  1.91489369 1.03372485 1.10258601 1.36109328]
 [1.30645946 1.74879715 1.8642047  1.57702801 1.58452281 1.36931148
  1.36754458 1.95550229 1.56194665 1.8355795 ]
 [1.81539761 1.91373517 1.98417946 1.02048594 1.61211984 1.43793283
  1.23703341 1.5953468  1.26053283 1.76444921]
 [1.80886424 1.07653343 1.04013628 1.20961966 1.96540324 1.87601995
  1.75441509 1.28663392 1.4073868  1.60509614]
 [1.60810811 1.71142158 1.00060962 1.32505826 1.01004255 1.75019099
  1.90511837 1.22881273 1.08003283 1.89230816]
 [1.45982058 1.06769486 1.83750303 1.05849437 1.61819568 1.11249166
  1.07946867 1.79295939 1.55462262 1.56405356]
 [1.4101349  1.62471228 1.39414682 1.04411089 1.5760089  1.66970653
  1.89921086 1.97563652 1.84094017 1.90208092]
 [1.45393477 1.14204361 1.32836639 1.54654635 1.0135373  1.1888154
  1.20572411 1.35269092 1.29486336 1.07445005]
 [1.93746956 1.90583106 1.56794669 1.1919064  1.16895418 1.14684106
  1.94270618 1.15634365 1.50670273 1.24750076]
 [1.17686113 1.00044518 1.57307205 1.39648136 1.48827825 1.40059642
  1.74465145 1.92702951 1.45324601 1.90887551]
 [1.81053831 1.85235674 1.19873768 1.29981919 1.19146566 1.03012278
  1.9909772  1.79251871 1.68532938 1.91318537]
 [1.06407057 1.65358803 1.92038721 1.804157   1.49906095 1.50493906
  1.1134139  1.86335267 1.56969834 1.62211611]
 [1.71979872 1.57464705 1.0018448  1.7940929  1.05123291 1.43429539
  1.66130597 1.0321997  1.79838505 1.93979149]
 [1.27984375 1.97441767 1.43948672 1.86954511 1.60380113 1.57504356
  1.67224551 1.53127936 1.39289725 1.87363955]
 [1.26605755 1.08479832 1.00763204 1.59842733 1.87563461 1.55450026
  1.2421132  1.75195763 1.5863103  1.01123035]
 [1.27506786 1.18008044 1.90035795 1.80598199 1.61131366 1.23205884
  1.43067252 1.17385842 1.87186391 1.38342322]
 [1.50383682 1.97844897 1.12562725 1.61648048 1.16906035 1.18272072
  1.4241133  1.91341578 1.61389347 1.60423607]
 [1.22912983 1.2636166  1.99479137 1.05506677 1.31342431 1.61795444
  1.46873788 1.67723122 1.0292211  1.20843482]
 [1.23168126 1.00543498 1.51455121 1.37753519 1.85941909 1.11119889
  1.2492323  1.01226466 1.75099025 1.24306348]
 [1.46344637 1.65594596 1.64737185 1.18292601 1.06439927 1.76719822
  1.24062867 1.5935384  1.95934237 1.73401725]
 [1.55699016 1.52783871 1.88172203 1.98209362 1.93392103 1.13082098
  1.75028068 1.26390019 1.15240285 1.52192816]
 [1.33530438 1.88542708 1.7322875  1.6970725  1.52383271 1.83794906
  1.67655958 1.78755672 1.48980281 1.37230439]
 [1.62398348 1.47694912 1.07880978 1.77862225 1.72170942 1.2990831
  1.70709227 1.89272604 1.76168888 1.44182903]
 [1.70714989 1.57454694 1.03889393 1.56432772 1.63099317 1.13079896
  1.56364424 1.7482562  1.19541892 1.10522936]
 [1.6927652  1.83879588 1.98376263 1.82453952 1.83185873 1.20995236
  1.30691758 1.07426683 1.68420168 1.98502101]
 [1.35369736 1.31872196 1.67912948 1.93423722 1.99792385 1.90332646
  1.99968238 1.27767795 1.33504312 1.85044938]
 [1.08706687 1.03393724 1.43051035 1.7608902  1.25325616 1.43772679
  1.21578396 1.52529981 1.35363467 1.5515137 ]
 [1.59268798 1.79356509 1.13545461 1.42032264 1.72658757 1.76187319
  1.41239313 1.69167228 1.84297938 1.17007696]
 [1.01200093 1.16550153 1.85298586 1.88052783 1.06462111 1.42692139
  1.39472567 1.74847341 1.15638194 1.67685624]
 [1.6955693  1.5058453  1.51566113 1.74661417 1.98811641 1.6922447
  1.76833256 1.03545875 1.26142206 1.80498618]
 [1.58630742 1.86030662 1.8075906  1.13838136 1.55113091 1.28570593
  1.91307248 1.67900001 1.90481653 1.83859069]
 [1.39704342 1.41947775 1.81372586 1.33630714 1.11876083 1.61338568
  1.21034523 1.34228078 1.72547541 1.14204615]
 [1.59015803 1.78027356 1.6168192  1.87418906 1.15313283 1.1056586
  1.48063858 1.18672755 1.92777215 1.88943054]
 [1.64430662 1.53063516 1.64286509 1.86393371 1.1264485  1.27199428
  1.22835819 1.45642435 1.58956983 1.83943656]
 [1.00275841 1.58398447 1.48601055 1.07201082 1.00298532 1.95150426
  1.15955649 1.01403453 1.85391798 1.79771238]
 [1.61644409 1.65147443 1.40575626 1.54289115 1.83195535 1.041174
  1.04330814 1.85689594 1.71355685 1.22144104]
 [1.52042623 1.21119152 1.93009974 1.12638907 1.297247   1.53454175
  1.84723064 1.25906412 1.1426988  1.99408009]
 [1.62400451 1.94115979 1.9584985  1.81159015 1.4865171  1.86500581
  1.98880403 1.89768748 1.65744667 1.37334225]
 [1.29805055 1.33482228 1.97660454 1.25161707 1.75166913 1.71761933
  1.07229066 1.20945681 1.10843204 1.27477702]
 [1.50394845 1.78332909 1.28251878 1.01101302 1.32086187 1.83531953
  1.51974938 1.20650653 1.62205164 1.41490704]
 [1.72962334 1.61942854 1.46440796 1.05184995 1.816378   1.06732
  1.04331224 1.64772055 1.50312744 1.07791553]
 [1.17991191 1.46982532 1.57316294 1.53614426 1.45654831 1.44312672
  1.78734228 1.46795201 1.37571676 1.68844483]
 [1.68997906 1.94906201 1.8278278  1.00884618 1.40220107 1.94169368
  1.69105858 1.81127248 1.86677057 1.36608389]
 [1.23080948 1.82383446 1.82526079 1.70875519 1.04881571 1.52206584
  1.83464554 1.6400338  1.3087279  1.57239373]
 [1.98613842 1.4071051  1.17171892 1.87056557 1.86974543 1.73414333
  1.39034726 1.07234476 1.84157275 1.14877123]
 [1.43207761 1.73004135 1.58577166 1.29361479 1.12541744 1.4351815
  1.50903784 1.20266294 1.12004517 1.13214021]
 [1.50291476 1.33755471 1.23603675 1.79096883 1.45573829 1.24780455
  1.24157717 1.4403207  1.67434128 1.05315358]
 [1.35565043 1.16561337 1.65656863 1.4015397  1.86126444 1.24584719
  1.80180835 1.29453493 1.30639942 1.37861682]
 [1.57074124 1.38480116 1.04181509 1.50104633 1.39886986 1.38963907
  1.41306429 1.21027425 1.15166038 1.78527501]
 [1.71040786 1.45962195 1.15434177 1.34786349 1.57819018 1.81572778
  1.49832152 1.77390672 1.54989063 1.78048099]
 [1.0271956  1.0275477  1.51558788 1.26804425 1.71788016 1.25635973
  1.16867557 1.97207107 1.97205355 1.30131781]
 [1.89736867 1.43195271 1.36748573 1.20591499 1.01402249 1.50589289
  1.29264106 1.57228605 1.99347167 1.67437366]
 [1.07891197 1.35953886 1.64092867 1.55472269 1.40291258 1.86755
  1.46182836 1.59343368 1.04126667 1.02867552]
 [1.75745191 1.91981576 1.26360079 1.55512437 1.92375853 1.79001589
  1.83219413 1.15635222 1.72952519 1.90415707]
 [1.99274599 1.56485225 1.33332073 1.2522692  1.04135725 1.29534196
  1.41683091 1.92411516 1.15125285 1.62625012]
 [1.25815753 1.48154341 1.46851686 1.51351542 1.43443804 1.44735636
  1.59722618 1.78598201 1.22854406 1.34511468]
 [1.90788675 1.9658691  1.61441419 1.66029492 1.30395785 1.38224073
  1.92613592 1.4584486  1.47614458 1.44009866]
 [1.87362387 1.00485156 1.20571571 1.79077282 1.72595936 1.10106236
  1.80716254 1.81938191 1.51651131 1.90689267]
 [1.77815227 1.15921248 1.16005125 1.01676166 1.02490797 1.97729292
  1.86417593 1.44354425 1.38018109 1.74584817]
 [1.33866223 1.1100744  1.83967424 1.71191622 1.05561373 1.92589485
  1.92818416 1.76859791 1.70277581 1.97304157]
 [1.19991705 1.37796088 1.17643599 1.69664324 1.13060561 1.33254175
  1.44257624 1.03787715 1.27255353 1.8978792 ]
 [1.39817653 1.57266337 1.04963564 1.60551479 1.15495266 1.87885821
  1.0057618  1.96531586 1.93476006 1.88388256]
 [1.5239068  1.59969555 1.2155214  1.8176107  1.68246665 1.73695769
  1.0873049  1.95812237 1.6192956  1.59788733]
 [1.31599236 1.73677294 1.86105955 1.4790438  1.68123049 1.08572463
  1.40211445 1.1864516  1.48886185 1.70921225]
 [1.85576084 1.48473593 1.81731499 1.76933396 1.28931364 1.44251937
  1.75902883 1.05524248 1.7639457  1.85516443]
 [1.71230635 1.68213018 1.37376895 1.68334885 1.77654931 1.89526035
  1.87974655 1.96632273 1.90664936 1.57853999]
 [1.38236385 1.37105266 1.83800402 1.59184865 1.63463357 1.74619598
  1.00181995 1.98030397 1.37051574 1.95206358]
 [1.56329885 1.5867802  1.90134801 1.6869373  1.81729287 1.23701548
  1.56234109 1.94721111 1.74708165 1.3667158 ]
 [1.59091353 1.7659519  1.39486425 1.94530089 1.98029932 1.20266407
  1.39192738 1.89054143 1.76764036 1.49841182]
 [1.44767775 1.39167364 1.6952932  1.45076935 1.24944787 1.44568854
  1.87832238 1.63450318 1.79361688 1.21515001]
 [1.79037556 1.27058608 1.36155482 1.83298999 1.33420162 1.04139681
  1.03069103 1.43395303 1.50233094 1.00688867]
 [1.61617796 1.26569051 1.66460545 1.81003891 1.43636584 1.14216488
  1.22388591 1.72483258 1.71879449 1.73324927]
 [1.45015389 1.10262985 1.75808558 1.24082213 1.82723598 1.18302553
  1.91262385 1.60796856 1.35277348 1.75294314]
 [1.14643684 1.31501655 1.07505263 1.07483696 1.38485687 1.77595572
  1.43800665 1.24723202 1.97453551 1.76968045]
 [1.86404043 1.44095476 1.23832988 1.23029477 1.50776555 1.49561077
  1.61289279 1.66407565 1.76586695 1.91376384]
 [1.52377148 1.57450362 1.41235929 1.93383802 1.29981226 1.70025072
  1.53476733 1.22630504 1.24846465 1.55308047]
 [1.55159443 1.02878493 1.54239029 1.72310411 1.89810506 1.63346545
  1.9681498  1.01573501 1.98392953 1.42066671]]
rate = 4
rebound_rate = 1